Контур высоты =
nan
nan
nan
nan
nan
nan
nan
nan
nan
nan
nan
nan
nan
nan
nan
nan
nan
nan
nan
nan
nan
nan
nan
nan
nan
nan
nan
nan
nan
nan
nan
nan
nan
nan
nan
nan
nan
nan
nan
nan
nan
nan
nan
nan
nan
nan
nan
nan
nan
nan
nan
nan
nan
nan
nan
nan
nan
nan
nan
nan
nan
nan
nan
nan
nan
nan
nan
nan
nan
nan
nan
nan
nan
nan
nan
nan
nan
nan
nan
nan
nan
nan
nan
nan
nan
nan
nan
nan
nan
nan
nan
nan
nan
nan
nan
nan
nan
nan
nan
nan
nan
nan
nan
nan
nan
nan
nan
nan
nan
nan
nan
nan
nan
nan
nan
nan
nan
nan
nan
nan
nan
nan
nan
nan
nan
nan
nan
nan
nan
nan
nan
nan
nan
nan
nan
nan
nan
nan
nan
nan
nan
nan
nan
nan
nan
nan
nan
227.5206812471479
232.06549053728105
229.0976376501296
225.77025127196688
224.1196856554375
223.2343285969115
222.7426036461667
222.3510685315643
223.56230940990443
225.92028754456507
226.7528802037404
227.27956558439507
228.3528048707762
229.44584434794655
230.34154213511636
231.74754231058725
232.17161506123998
232.07315718089913
232.5440631583614
232.53095131825287
232.70129563470218
232.21700814241012
231.48944033990742
231.06480581217113
231.22791292723298
231.2981746447544
231.64360273025534
232.07921768136038
231.68824576315075
231.316392105006
231.14979779256845
231.2949879087806
231.1686983910533
231.87539398822292
231.8961925378602
231.8912887431794
232.24224765150416
231.97639149624015
232.3003974643447
232.32739366615453
232.66908770863108
233.04945321314543
233.05795025349002
233.60795514356153
233.9713002521381
234.19494290357548
234.9198955064152
235.19086518094923
235.28846966785662
235.323598391874
235.74489326818818
235.60375094040776
235.5778944506895
236.17032036211688
236.40882933799458
236.59722996318453
237.4051016418742
237.39753329431846
237.20178967438991
237.10038098730396
236.6110807379548
236.23275525963135
236.1494356791434
236.01404191332296
235.90340716745175
235.4979554468311
235.32840209872708
235.1907806764384
235.07379867750817
234.97947004359736
234.96569679688068
234.96946243669
235.14196079677447
234.85127457632797
234.93093751931957
235.2466722107942
235.2756819120447
235.20851268065627
235.05368763841113
234.58679702006387
234.14399223159012
234.2030624943847
234.47434603700992
234.54188704786458
234.3410129348014
234.32899116074185
233.87146243338438
233.83371231576496
233.86891316347555
233.75337274489254
233.66782947134942
233.10830702096163
232.6604096962138
232.47624547048918
232.53086462053352
232.17884942243842
232.4907709917369
232.34749747049364
232.17388772343537
232.15004961147196
231.7257927834364
231.69469116577972
231.29592620593402
231.44568925874205
231.87494030868248
232.25435554954237
232.85150810989296
233.08017004121461
232.62973344222078
231.90069256913313
231.68164322749197
231.7021067485343
231.63502794508696
231.76611479426117
231.44729116668313
231.5045232260448
231.4463501605025
231.37142051632372
231.00860518537593
230.7784134418523
230.91877603468384
230.85157882332155
231.0614177075307
231.4604970953876
231.74308341967162
232.222577534237
232.75082328868243
233.23144807653793
233.78644989743913
234.18097250655117
234.25135778919844
234.1740213978017
234.09550308086375
234.23834943242426
234.2444270587665
234.14642114682906
234.34652047635817
234.1421809633645
234.03512654892336
233.8281405279711
233.84768955015144
233.67502689606886
232.95535911819346
232.67930376477284
232.72990463481318
232.77064065931924
232.688833886242
232.45941520353665
232.21599014021658
232.2298984851409
232.44684672609006
232.75234340895986
232.5635417776146
232.66232406024585
232.66760659019008
232.79883706956096
232.3845584783039
232.38523366223308
232.66402531400811
232.71937453085093
232.84089956439365
232.80077377170187
233.04529324431505
233.391604194354
233.48978190764566
233.4312064320461
233.3087857783587
233.25858274330375
233.58852515667192
233.43845830112323
233.68160496498226
234.1398681004825
234.25526381947236
234.3141111227714
234.5945891314462
234.49963872933537
234.63616878827978
234.96075135838402
234.93783170372296
235.0999896782347
235.1739903710787
235.4334710508509
235.18405971969895
235.12517130704342
234.80036145628773
234.11752042266957
233.55121295544825
232.71365953535576
232.11855698146914
231.56209994115463
231.05965681204793
230.4752117607892
230.26538110297918
230.06799306621852
229.89039176383412
229.69110879825726
230.24387550440986
231.00484164928096
231.52955904318992
231.5683100384618
231.52549385180362
231.79960204077472
231.93267821591496
232.27292700139338
232.52423255543383
232.73009781426
232.307333195646
232.06035015343215
231.8539891332679
231.55850462772355
231.40109448373315
231.5211443276052
231.2517604634064
231.51228522677448
231.1777196020727
230.93925792878125
230.7521603343005
231.28845759998555
231.4047853134704
231.45178497466404
231.44365332002448
231.29842238705268
231.31928121211092
231.44619639595393
231.474583846285
231.4057902127052
231.72590977711187
231.77890984810108
231.57835730143933
232.15045718507957
232.64609781584645
232.54423822386485
232.73710763763572
233.06664019345672
233.05160517822372
233.2995145815278
233.0481690986293
233.05615079650673
232.73170482932125
232.5003373648603
232.50331374887472
232.5817606989439
232.88363439813037
232.9637117106849
232.96023181354414
232.84400095636673
233.17843483271574
232.95270638165374
232.73890471233508
232.5189251030854
232.49793780408464
232.15559595759262
232.0981848981601
232.23034142399126
232.46946226330354
232.16918874225055
232.18566772793685
232.27222136391737
231.88211812793944
231.74043822895015
231.47255746678547
231.43945165152837
232.16575264843812
232.44611345738684
232.38890514035745
232.0191437487065
231.9936295929464
232.26285419901205
232.32592074958168
232.29091421365615
231.91898042885086
231.67308742944257
231.36235861276302
231.25205125649407
231.1465702285768
230.85811612334072
230.96566652330188
231.13425208482994
230.6231026835184
230.86857823145894
230.68541743968277
230.60803725625706
230.65989108599547
231.0392469438129
230.85234524677907
230.7163410191707
230.67515943483016
230.69650484678135
231.02491778195088
231.46039768242431
231.3087338117999
231.09462583615914
231.2742079296609
231.5230598974006
231.52458303070551
231.7671885646156
232.22344160626056
232.26371217950896
231.96060110976342
232.07266304261293
232.04974839328693
232.1747245847373
232.48944036437442
232.9178429097558
232.8885427962614
232.79465186687605
233.0785599707106
233.15864424953858
233.18755732194035
233.5014622840066
233.45860968523255
233.53451461908062
233.59185056058618
233.90088839048286
234.30753950377886
234.26514169447879
234.0533999872611
233.93416318990097
233.66593461239873
233.3921170737152
233.35533500140355
233.36991507438438
233.28549116123992
233.26936220601183
233.45319978751508
233.6031226465318
233.59012139882404
234.00760304659937
234.18533888271932
234.33652141387807
234.5333492417553
234.53092429410086
234.56934970649436
234.87336036388928
234.95566972987538
234.94690177559028
234.78926677663347
234.9191567049948
234.55884785403376
234.18823578313592
234.02510342094448
234.00918022772072
233.74186861878658
233.70101608542927
233.54404402443006
233.33743743930853
233.25446728700774
232.88691341506063
232.57911797337692
232.39713152463617
232.3600688478164
232.21831181839485
231.96971951388926
